0 0.6845703125 0.580078125 0.29296875 0.23828125
0 0.3876953125 0.8515625 0.478515625 0.296875
0 0.849609375 0.876953125 0.30078125 0.17578125
0 0.9326171875 0.6689453125 0.134765625 0.162109375
0 0.3359375 0.4833984375 0.412109375 0.228515625
0 0.6630859375 0.353515625 0.162109375 0.091796875
0 0.8603515625 0.3720703125 0.154296875 0.123046875
0 0.966796875 0.431640625 0.05859375 0.06640625
0 0.5703125 0.166015625 0.16015625 0.080078125
0 0.443359375 0.28515625 0.19921875 0.095703125
0 0.3544921875 0.240234375 0.087890625 0.05078125
0 0.173828125 0.2822265625 0.203125 0.103515625
0 0.625 0.0966796875 0.10546875 0.0546875
0 0.517578125 0.09765625 0.138671875 0.0625
0 0.2822265625 0.189453125 0.25390625 0.107421875
0 0.6708984375 0.0400390625 0.189453125 0.080078125
0 0.5400390625 0.333984375 0.14453125 0.076171875
0 0.6474609375 0.251953125 0.068359375 0.046875
0 0.0849609375 0.7861328125 0.099609375 0.119140625