0 0.7158203125 0.6396484375 0.220703125 0.14453125
0 0.4765625 0.7041015625 0.17578125 0.13671875
0 0.5849609375 0.8876953125 0.158203125 0.173828125
0 0.2021484375 0.9296875 0.119140625 0.07421875
0 0.8193359375 0.546875 0.087890625 0.06640625
0 0.912109375 0.5322265625 0.09375 0.060546875
0 0.642578125 0.4658203125 0.13671875 0.072265625
0 0.7529296875 0.48046875 0.08203125 0.046875
0 0.7734375 0.4384765625 0.048828125 0.037109375
0 0.2451171875 0.466796875 0.091796875 0.044921875
0 0.037109375 0.46484375 0.07421875 0.08203125