0 0.658203125 0.529296875 0.11328125 0.103515625
0 0.6279296875 0.431640625 0.08203125 0.072265625
0 0.5224609375 0.48828125 0.072265625 0.05859375
0 0.419921875 0.5205078125 0.07421875 0.060546875
0 0.40234375 0.3896484375 0.07421875 0.068359375
0 0.275390625 0.4091796875 0.0703125 0.078125
0 0.533203125 0.669921875 0.16796875 0.15625
0 0.513671875 0.84375 0.119140625 0.1484375
0 0.076171875 0.1611328125 0.15234375 0.111328125
0 0.4658203125 0.197265625 0.11328125 0.06640625
0 0.6318359375 0.2724609375 0.072265625 0.048828125
0 0.7041015625 0.1943359375 0.0703125 0.05859375
0 0.7646484375 0.2421875 0.060546875 0.05859375
0 0.8486328125 0.2705078125 0.103515625 0.072265625
0 0.755859375 0.361328125 0.1015625 0.087890625
0 0.6396484375 0.3193359375 0.05859375 0.046875
0 0.228515625 0.267578125 0.0625 0.048828125