0 0.0498046875 0.0390625 0.0400390625 0.0126953125
0 0.0234375 0.076171875 0.046875 0.03125
0 0.1123046875 0.056640625 0.0751953125 0.0322265625
0 0.1376953125 0.005859375 0.044921875 0.01171875
0 0.0986328125 0.025390625 0.037109375 0.0146484375
0 0.0703125 0.005859375 0.046875 0.01171875
0 0.0302734375 0.0029296875 0.0302734375 0.0048828125
0 0.009765625 0.009765625 0.01953125 0.0146484375
0 0.48046875 0.3984375 0.1298828125 0.0927734375
0 0.75390625 0.2138671875 0.037109375 0.02734375
0 0.5302734375 0.81640625 0.0546875 0.0478515625