0 0.28125 0.6435546875 0.412109375 0.2666015625
0 0.2529296875 0.4169921875 0.0771484375 0.0400390625
0 0.134765625 0.8984375 0.126953125 0.1962890625
0 0.6396484375 0.71484375 0.1416015625 0.1435546875
0 0.6923828125 0.8720703125 0.0849609375 0.13671875
0 0.810546875 0.8251953125 0.12109375 0.1435546875
0 0.8271484375 0.6630859375 0.162109375 0.1201171875
0 0.8779296875 0.5546875 0.2353515625 0.1435546875
0 0.7119140625 0.45703125 0.0849609375 0.080078125
0 0.76953125 0.3984375 0.130859375 0.0703125
0 0.599609375 0.5400390625 0.1455078125 0.146484375
0 0.4794921875 0.421875 0.0712890625 0.0703125
0 0.9482421875 0.79296875 0.099609375 0.1337890625
0 0.4931640625 0.7314453125 0.064453125 0.1103515625