0 0.220703125 0.41015625 0.072265625 0.06640625
0 0.4189453125 0.3291015625 0.26171875 0.130859375
0 0.8349609375 0.71484375 0.30078125 0.337890625
0 0.83984375 0.9365234375 0.1484375 0.126953125
0 0.359375 0.8193359375 0.423828125 0.34765625
0 0.205078125 0.623046875 0.09375 0.08984375
0 0.46875 0.5302734375 0.14453125 0.109375
0 0.5810546875 0.6474609375 0.068359375 0.052734375
0 0.6787109375 0.45703125 0.068359375 0.056640625
0 0.31640625 0.3994140625 0.125 0.091796875
0 0.28125 0.4697265625 0.052734375 0.04296875
0 0.1474609375 0.5263671875 0.068359375 0.068359375
0 0.14453125 0.6962890625 0.072265625 0.072265625
0 0.6572265625 0.3525390625 0.17578125 0.08203125