0 0.640625 0.8115234375 0.259765625 0.203125
0 0.6533203125 0.4912109375 0.2080078125 0.08984375
0 0.75390625 0.388671875 0.1806640625 0.0498046875
0 0.7666015625 0.3134765625 0.123046875 0.0400390625
0 0.689453125 0.283203125 0.1064453125 0.033203125
0 0.6435546875 0.2568359375 0.095703125 0.0263671875
0 0.7099609375 0.216796875 0.0654296875 0.0263671875
0 0.4384765625 0.41015625 0.123046875 0.046875
0 0.4423828125 0.3662109375 0.087890625 0.0400390625
0 0.537109375 0.3154296875 0.07421875 0.0302734375
0 0.38671875 0.3271484375 0.08984375 0.033203125
0 0.3349609375 0.3681640625 0.0625 0.0302734375
0 0.0751953125 0.7529296875 0.123046875 0.099609375