0 0.580078125 0.462890625 0.447265625 0.380859375
0 0.8662109375 0.7275390625 0.267578125 0.271484375
0 0.1826171875 0.58203125 0.26953125 0.171875
0 0.205078125 0.69921875 0.271484375 0.18359375
0 0.275390625 0.8583984375 0.265625 0.283203125
0 0.28515625 0.4208984375 0.283203125 0.17578125
0 0.2919921875 0.314453125 0.1640625 0.087890625
0 0.548828125 0.1474609375 0.18359375 0.10546875
0 0.36328125 0.2177734375 0.1875 0.111328125
0 0.1962890625 0.21484375 0.154296875 0.1171875
0 0.26171875 0.13671875 0.11328125 0.0703125
0 0.36328125 0.08984375 0.123046875 0.064453125
0 0.4755859375 0.0908203125 0.123046875 0.06640625
0 0.654296875 0.072265625 0.08984375 0.05078125
0 0.61328125 0.029296875 0.064453125 0.03125
0 0.5849609375 0.0048828125 0.060546875 0.009765625
0 0.521484375 0.025390625 0.064453125 0.0390625