0 0.4169921875 0.4716796875 0.421875 0.345703125
0 0.142578125 0.7685546875 0.28515625 0.244140625
0 0.82421875 0.548828125 0.26171875 0.1484375
0 0.814453125 0.66796875 0.26171875 0.16015625
0 0.759765625 0.8388671875 0.2421875 0.2734375
0 0.705078125 0.3984375 0.2734375 0.150390625
0 0.6875 0.2939453125 0.16015625 0.072265625
0 0.4150390625 0.154296875 0.1796875 0.087890625
0 0.6064453125 0.205078125 0.181640625 0.095703125
0 0.7724609375 0.1845703125 0.146484375 0.103515625
0 0.6982421875 0.11328125 0.109375 0.060546875
0 0.59375 0.078125 0.12109375 0.052734375
0 0.4814453125 0.0908203125 0.12109375 0.0546875
0 0.3017578125 0.08984375 0.087890625 0.041015625
0 0.337890625 0.0439453125 0.064453125 0.025390625
0 0.361328125 0.0087890625 0.05859375 0.017578125
0 0.4287109375 0.0302734375 0.0625 0.033203125