0 0.556640625 0.9189453125 0.2265625 0.130859375
0 0.7568359375 0.8232421875 0.138671875 0.09765625
0 0.595703125 0.771484375 0.220703125 0.068359375
0 0.474609375 0.701171875 0.115234375 0.0546875
0 0.625 0.58203125 0.08984375 0.041015625
0 0.947265625 0.79296875 0.10546875 0.2109375
0 0.740234375 0.486328125 0.083984375 0.052734375
0 0.5107421875 0.478515625 0.07421875 0.046875
0 0.27734375 0.7763671875 0.06640625 0.05078125
0 0.28515625 0.677734375 0.064453125 0.044921875
0 0.33203125 0.623046875 0.080078125 0.052734375
0 0.142578125 0.9453125 0.23046875 0.109375