0 0.529296875 0.2919921875 0.08984375 0.087890625
0 0.611328125 0.2216796875 0.052734375 0.05859375
0 0.583984375 0.4267578125 0.08203125 0.10546875
0 0.4677734375 0.556640625 0.103515625 0.0625
0 0.494140625 0.5146484375 0.07421875 0.037109375
0 0.724609375 0.640625 0.064453125 0.1171875
0 0.7490234375 0.8037109375 0.099609375 0.158203125
0 0.705078125 0.435546875 0.05078125 0.07421875
0 0.681640625 0.3017578125 0.064453125 0.083984375
0 0.484375 0.3759765625 0.04296875 0.033203125
0 0.47265625 0.41015625 0.041015625 0.0234375
0 0.50390625 0.3447265625 0.03125 0.025390625
0 0.5537109375 0.16796875 0.037109375 0.02734375