0 0.2548828125 0.5908203125 0.4609375 0.3515625
0 0.2783203125 0.36328125 0.083984375 0.056640625
0 0.0693359375 0.8056640625 0.138671875 0.220703125
0 0.587890625 0.7412109375 0.169921875 0.171875
0 0.603515625 0.90625 0.11328125 0.15234375
0 0.7294921875 0.88671875 0.150390625 0.16796875
0 0.7822265625 0.732421875 0.185546875 0.154296875
0 0.85546875 0.638671875 0.26171875 0.193359375
0 0.7158203125 0.505859375 0.1015625 0.09765625
0 0.78515625 0.4619140625 0.142578125 0.09765625
0 0.587890625 0.5615234375 0.173828125 0.17578125
0 0.498046875 0.4189453125 0.0859375 0.083984375
0 0.87109375 0.88671875 0.126953125 0.15234375
0 0.44140625 0.7236328125 0.087890625 0.12109375