0 0.55078125 0.8388671875 0.154296875 0.123046875
0 0.4609375 0.751953125 0.091796875 0.072265625
0 0.7138671875 0.658203125 0.1484375 0.10546875
0 0.544921875 0.6015625 0.078125 0.060546875
0 0.4189453125 0.58203125 0.0859375 0.048828125
0 0.2939453125 0.5478515625 0.0546875 0.04296875
0 0.416015625 0.556640625 0.12109375 0.05078125
0 0.5712890625 0.5078125 0.091796875 0.0625
0 0.8095703125 0.5439453125 0.0390625 0.029296875
0 0.6923828125 0.541015625 0.072265625 0.052734375
0 0.6533203125 0.47265625 0.03515625 0.029296875
0 0.14453125 0.697265625 0.2109375 0.138671875