0 0.6455078125 0.515625 0.072265625 0.046875
0 0.8994140625 0.791015625 0.166015625 0.1875
0 0.82421875 0.8671875 0.08984375 0.109375
0 0.6865234375 0.7158203125 0.09765625 0.095703125
0 0.5888671875 0.7392578125 0.099609375 0.08984375
0 0.453125 0.7685546875 0.08203125 0.068359375
0 0.5400390625 0.875 0.095703125 0.10546875
0 0.681640625 0.8828125 0.10546875 0.1171875
0 0.630859375 0.9638671875 0.130859375 0.05859375
0 0.396484375 0.955078125 0.1328125 0.08984375
0 0.5458984375 0.5673828125 0.044921875 0.04296875
0 0.58203125 0.537109375 0.037109375 0.021484375
0 0.4736328125 0.521484375 0.1640625 0.14453125
0 0.2421875 0.7255859375 0.33984375 0.255859375
0 0.0947265625 0.9208984375 0.142578125 0.158203125