0 0.79296875 0.48046875 0.060546875 0.0537109375
0 0.6201171875 0.353515625 0.2509765625 0.0732421875
0 0.123046875 0.6279296875 0.2373046875 0.2900390625
0 0.05078125 0.8916015625 0.1005859375 0.2099609375
0 0.5595703125 0.84375 0.37109375 0.2666015625
0 0.7568359375 0.6904296875 0.078125 0.0732421875
0 0.5234375 0.537109375 0.1298828125 0.080078125
0 0.3857421875 0.623046875 0.060546875 0.0400390625
0 0.3369140625 0.4150390625 0.060546875 0.04296875
0 0.7021484375 0.4462890625 0.1123046875 0.06640625
0 0.7197265625 0.5234375 0.046875 0.033203125
0 0.8359375 0.611328125 0.0556640625 0.056640625
0 0.7978515625 0.7763671875 0.060546875 0.0595703125
0 0.3828125 0.318359375 0.169921875 0.04296875