0 0.39453125 0.796875 0.244140625 0.212890625
0 0.439453125 0.4912109375 0.19140625 0.1171875
0 0.3740234375 0.3828125 0.15234375 0.08203125
0 0.375 0.310546875 0.10546875 0.0546875
0 0.4775390625 0.3671875 0.1328125 0.07421875
0 0.6142578125 0.4404296875 0.10546875 0.056640625
0 0.62109375 0.400390625 0.0859375 0.048828125
0 0.556640625 0.337890625 0.0546875 0.03125
0 0.44140625 0.2900390625 0.078125 0.037109375
0 0.478515625 0.271484375 0.08203125 0.037109375
0 0.8544921875 0.8076171875 0.111328125 0.103515625
0 0.4306640625 0.2255859375 0.056640625 0.03125
0 0.66796875 0.369140625 0.08203125 0.04296875