0 0.4140625 0.48046875 0.392578125 0.306640625
0 0.15234375 0.806640625 0.3046875 0.212890625
0 0.8271484375 0.5146484375 0.25 0.123046875
0 0.830078125 0.6337890625 0.25 0.1337890625
0 0.7939453125 0.8095703125 0.2177734375 0.2529296875
0 0.693359375 0.3779296875 0.2626953125 0.123046875
0 0.6650390625 0.275390625 0.1552734375 0.056640625
0 0.37890625 0.1650390625 0.1728515625 0.0703125
0 0.5751953125 0.1953125 0.1748046875 0.0771484375
0 0.73828125 0.158203125 0.1376953125 0.08984375
0 0.6572265625 0.0947265625 0.10546875 0.0498046875
0 0.548828125 0.0703125 0.1171875 0.0400390625
0 0.4384765625 0.0947265625 0.1171875 0.04296875
0 0.259765625 0.11328125 0.0849609375 0.033203125
0 0.291015625 0.0634765625 0.0625 0.01953125
0 0.3115234375 0.0234375 0.0576171875 0.01953125
0 0.3798828125 0.0400390625 0.0595703125 0.0263671875