0 0.7919921875 0.53125 0.068359375 0.0625
0 0.6435546875 0.376953125 0.259765625 0.115234375
0 0.1240234375 0.5595703125 0.248046875 0.326171875
0 0.0283203125 0.8076171875 0.056640625 0.224609375
0 0.4990234375 0.8427734375 0.412109375 0.314453125
0 0.7197265625 0.732421875 0.08984375 0.0859375
0 0.5166015625 0.541015625 0.142578125 0.1015625
0 0.3662109375 0.6015625 0.06640625 0.05078125
0 0.3544921875 0.3876953125 0.06640625 0.052734375
0 0.7080078125 0.482421875 0.123046875 0.083984375
0 0.7119140625 0.5615234375 0.052734375 0.041015625
0 0.8115234375 0.66796875 0.064453125 0.06640625
0 0.7451171875 0.82421875 0.0703125 0.068359375
0 0.416015625 0.30078125 0.173828125 0.072265625