0 0.3447265625 0.54296875 0.1064453125 0.09375
0 0.3662109375 0.443359375 0.0771484375 0.06640625
0 0.4765625 0.490234375 0.068359375 0.0537109375
0 0.58203125 0.513671875 0.0703125 0.0537109375
0 0.587890625 0.3818359375 0.068359375 0.0634765625
0 0.7158203125 0.3896484375 0.0634765625 0.0732421875
0 0.4814453125 0.671875 0.15625 0.1435546875
0 0.5166015625 0.84375 0.1064453125 0.1396484375
0 0.9013671875 0.125 0.1630859375 0.0966796875
0 0.5078125 0.1953125 0.109375 0.056640625
0 0.3486328125 0.28515625 0.068359375 0.04296875
0 0.26953125 0.212890625 0.0654296875 0.0537109375
0 0.2138671875 0.2666015625 0.056640625 0.0537109375
0 0.1328125 0.3017578125 0.09765625 0.0634765625
0 0.2333984375 0.3837890625 0.095703125 0.080078125
0 0.3447265625 0.33203125 0.0546875 0.04296875
0 0.75 0.2451171875 0.05859375 0.04296875