0 0.44921875 0.8388671875 0.154296875 0.123046875
0 0.5390625 0.751953125 0.091796875 0.072265625
0 0.2861328125 0.658203125 0.1484375 0.10546875
0 0.455078125 0.6015625 0.078125 0.060546875
0 0.5810546875 0.58203125 0.0859375 0.048828125
0 0.7060546875 0.5478515625 0.0546875 0.04296875
0 0.583984375 0.556640625 0.12109375 0.05078125
0 0.4287109375 0.5078125 0.091796875 0.0625
0 0.1904296875 0.5439453125 0.0390625 0.029296875
0 0.3076171875 0.541015625 0.072265625 0.052734375
0 0.3466796875 0.47265625 0.03515625 0.029296875
0 0.85546875 0.697265625 0.2109375 0.138671875