0 0.35546875 0.525390625 0.0693359375 0.04296875
0 0.1220703125 0.818359375 0.154296875 0.1767578125
0 0.2021484375 0.888671875 0.0830078125 0.103515625
0 0.3291015625 0.728515625 0.091796875 0.08984375
0 0.427734375 0.7451171875 0.09375 0.0830078125
0 0.5654296875 0.7646484375 0.0771484375 0.0634765625
0 0.486328125 0.876953125 0.08984375 0.099609375
0 0.345703125 0.89453125 0.09765625 0.1103515625
0 0.4013671875 0.9716796875 0.1279296875 0.0498046875
0 0.6337890625 0.9482421875 0.1279296875 0.0830078125
0 0.458984375 0.5703125 0.04296875 0.0400390625
0 0.4208984375 0.54296875 0.0361328125 0.01953125
0 0.52734375 0.51953125 0.154296875 0.1337890625
0 0.7724609375 0.70703125 0.32421875 0.2333984375
0 0.93359375 0.90625 0.1298828125 0.1796875