0 0.7109375 0.6474609375 0.22265625 0.150390625
0 0.46875 0.703125 0.1796875 0.142578125
0 0.5712890625 0.890625 0.162109375 0.177734375
0 0.1875 0.9189453125 0.12109375 0.078125
0 0.8173828125 0.5576171875 0.087890625 0.0703125
0 0.91015625 0.546875 0.09375 0.064453125
0 0.6435546875 0.470703125 0.138671875 0.076171875
0 0.75390625 0.4892578125 0.08203125 0.05078125
0 0.775390625 0.4482421875 0.048828125 0.037109375
0 0.24609375 0.4580078125 0.09375 0.048828125
0 0.0390625 0.4482421875 0.078125 0.083984375