0 0.421875 0.8330078125 0.29296875 0.248046875
0 0.34765625 0.5205078125 0.220703125 0.126953125
0 0.2294921875 0.439453125 0.1875 0.083984375
0 0.203125 0.3681640625 0.12890625 0.0625
0 0.2724609375 0.3232421875 0.111328125 0.052734375
0 0.3125 0.2890625 0.099609375 0.044921875
0 0.240234375 0.26171875 0.068359375 0.0390625
0 0.54296875 0.400390625 0.12890625 0.0703125
0 0.53125 0.357421875 0.09375 0.056640625
0 0.4287109375 0.326171875 0.078125 0.04296875
0 0.578125 0.30859375 0.09375 0.048828125
0 0.63671875 0.3388671875 0.06640625 0.041015625
0 0.947265625 0.666015625 0.10546875 0.12109375