0 0.2666015625 0.6083984375 0.2060546875 0.1162109375
0 0.4951171875 0.705078125 0.1611328125 0.1162109375
0 0.3623046875 0.8720703125 0.1376953125 0.15625
0 0.7353515625 0.966796875 0.1123046875 0.0595703125
0 0.177734375 0.501953125 0.080078125 0.056640625
0 0.087890625 0.474609375 0.0869140625 0.0498046875
0 0.36328125 0.4462890625 0.130859375 0.0537109375
0 0.251953125 0.4453125 0.0771484375 0.037109375
0 0.2373046875 0.4013671875 0.044921875 0.0302734375
0 0.7568359375 0.5029296875 0.0888671875 0.033203125
0 0.9638671875 0.5302734375 0.068359375 0.0732421875