0 0.681640625 0.5869140625 0.2890625 0.23046875
0 0.3759765625 0.8525390625 0.470703125 0.294921875
0 0.84375 0.890625 0.3125 0.1640625
0 0.9306640625 0.68359375 0.138671875 0.15625
0 0.3369140625 0.4775390625 0.408203125 0.21484375
0 0.6689453125 0.359375 0.16015625 0.087890625
0 0.8642578125 0.384765625 0.15234375 0.1171875
0 0.96875 0.4482421875 0.056640625 0.06640625
0 0.58203125 0.1689453125 0.16015625 0.07421875
0 0.451171875 0.283203125 0.197265625 0.08984375
0 0.36328125 0.2353515625 0.087890625 0.048828125
0 0.181640625 0.2705078125 0.201171875 0.095703125
0 0.6396484375 0.1015625 0.103515625 0.05078125
0 0.53125 0.0986328125 0.138671875 0.05859375
0 0.2939453125 0.181640625 0.25390625 0.099609375
0 0.6875 0.0419921875 0.1875 0.083984375
0 0.5458984375 0.3359375 0.142578125 0.072265625
0 0.65625 0.2568359375 0.068359375 0.044921875
0 0.0751953125 0.771484375 0.09765625 0.1171875