0 0.47265625 0.921875 0.2197265625 0.115234375
0 0.2666015625 0.8408203125 0.1328125 0.087890625
0 0.423828125 0.77734375 0.2177734375 0.0537109375
0 0.5390625 0.69921875 0.1123046875 0.046875
0 0.380859375 0.5908203125 0.087890625 0.0341796875
0 0.0595703125 0.82421875 0.119140625 0.203125
0 0.259765625 0.5029296875 0.080078125 0.046875
0 0.48828125 0.4794921875 0.072265625 0.041015625
0 0.7412109375 0.759765625 0.0625 0.046875
0 0.7265625 0.662109375 0.0625 0.041015625
0 0.67578125 0.611328125 0.0771484375 0.046875
0 0.888671875 0.9326171875 0.22265625 0.1220703125