0 0.5634765625 0.80859375 0.2216796875 0.18359375
0 0.5615234375 0.5 0.1806640625 0.09375
0 0.640625 0.4013671875 0.14453125 0.0634765625
0 0.650390625 0.330078125 0.1015625 0.0400390625
0 0.541015625 0.3720703125 0.126953125 0.056640625
0 0.3955078125 0.4248046875 0.099609375 0.04296875
0 0.3935546875 0.384765625 0.0810546875 0.037109375
0 0.466796875 0.33203125 0.0517578125 0.0234375
0 0.5869140625 0.2998046875 0.07421875 0.0263671875
0 0.552734375 0.2763671875 0.0791015625 0.0263671875
0 0.1064453125 0.7548828125 0.099609375 0.08984375
0 0.6064453125 0.23828125 0.0546875 0.0234375
0 0.3515625 0.3466796875 0.0791015625 0.033203125