0 0.5107421875 0.2900390625 0.083984375 0.080078125
0 0.5869140625 0.212890625 0.048828125 0.0537109375
0 0.5771484375 0.419921875 0.0732421875 0.099609375
0 0.47265625 0.5595703125 0.099609375 0.0537109375
0 0.4951171875 0.5146484375 0.0712890625 0.0302734375
0 0.736328125 0.6201171875 0.0556640625 0.11328125
0 0.7744140625 0.78125 0.0869140625 0.150390625
0 0.6982421875 0.41796875 0.044921875 0.0703125
0 0.6640625 0.287109375 0.0576171875 0.080078125
0 0.4736328125 0.3779296875 0.0400390625 0.0302734375
0 0.46484375 0.4130859375 0.0400390625 0.01953125
0 0.490234375 0.3447265625 0.029296875 0.0234375
0 0.5244140625 0.1650390625 0.03515625 0.0234375