0 0.3798828125 0.8212890625 0.1376953125 0.0966796875
0 0.4853515625 0.7548828125 0.08203125 0.056640625
0 0.2578125 0.6103515625 0.1337890625 0.080078125
0 0.4345703125 0.58984375 0.0693359375 0.046875
0 0.5625 0.5966796875 0.080078125 0.033203125
0 0.69140625 0.58984375 0.048828125 0.033203125
0 0.5703125 0.5732421875 0.1181640625 0.0263671875
0 0.4287109375 0.4931640625 0.083984375 0.046875
0 0.1884765625 0.478515625 0.03515625 0.0234375
0 0.3037109375 0.5 0.064453125 0.0400390625
0 0.35546875 0.44140625 0.03125 0.0234375
0 0.806640625 0.7666015625 0.1953125 0.099609375