0 0.5390625 0.9208984375 0.234375 0.1484375
0 0.3232421875 0.873046875 0.14453125 0.107421875
0 0.4677734375 0.7861328125 0.22265625 0.087890625
0 0.5693359375 0.6904296875 0.119140625 0.064453125
0 0.396484375 0.6083984375 0.091796875 0.046875
0 0.115234375 0.888671875 0.150390625 0.21875
0 0.2626953125 0.5400390625 0.0859375 0.05859375
0 0.4853515625 0.4814453125 0.078125 0.052734375
0 0.779296875 0.71875 0.068359375 0.056640625
0 0.7490234375 0.625 0.068359375 0.05078125
0 0.69140625 0.58203125 0.083984375 0.05859375
0 0.916015625 0.865234375 0.16796875 0.15625