0 0.5 0.2900390625 0.087890625 0.083984375
0 0.5712890625 0.208984375 0.05078125 0.056640625
0 0.5732421875 0.416015625 0.078125 0.103515625
0 0.4755859375 0.560546875 0.1015625 0.05859375
0 0.49609375 0.5146484375 0.072265625 0.033203125
0 0.7421875 0.607421875 0.060546875 0.115234375
0 0.7890625 0.7666015625 0.09375 0.154296875
0 0.693359375 0.4072265625 0.048828125 0.072265625
0 0.65234375 0.279296875 0.0625 0.08203125
0 0.466796875 0.3798828125 0.041015625 0.033203125
0 0.4599609375 0.4150390625 0.041015625 0.021484375
0 0.482421875 0.345703125 0.03125 0.025390625
0 0.5068359375 0.1640625 0.037109375 0.025390625