0 0.359375 0.54296875 0.07421875 0.05078125
0 0.1640625 0.8623046875 0.173828125 0.193359375
0 0.251953125 0.921875 0.095703125 0.11328125
0 0.3583984375 0.748046875 0.1015625 0.099609375
0 0.4580078125 0.751953125 0.103515625 0.09375
0 0.59765625 0.7548828125 0.083984375 0.072265625
0 0.5322265625 0.8759765625 0.1015625 0.109375
0 0.39453125 0.91015625 0.111328125 0.12109375
0 0.458984375 0.9736328125 0.1328125 0.052734375
0 0.6875 0.9287109375 0.13671875 0.09765625
0 0.4677734375 0.5751953125 0.046875 0.044921875
0 0.4267578125 0.552734375 0.0390625 0.0234375
0 0.529296875 0.515625 0.169921875 0.15234375
0 0.7958984375 0.671875 0.349609375 0.271484375
0 0.9521484375 0.8505859375 0.095703125 0.193359375