0 0.66796875 0.611328125 0.263671875 0.1962890625
0 0.3251953125 0.8515625 0.4365234375 0.2763671875
0 0.8017578125 0.9365234375 0.330078125 0.1201171875
0 0.91796875 0.7451171875 0.15625 0.13671875
0 0.341796875 0.455078125 0.3896484375 0.1630859375
0 0.6865234375 0.3837890625 0.1533203125 0.06640625
0 0.876953125 0.4365234375 0.1396484375 0.099609375
0 0.9716796875 0.513671875 0.0498046875 0.0595703125
0 0.626953125 0.18359375 0.1533203125 0.0537109375
0 0.4814453125 0.2783203125 0.1904296875 0.0634765625
0 0.4013671875 0.21875 0.0830078125 0.037109375
0 0.216796875 0.228515625 0.193359375 0.0703125
0 0.693359375 0.125 0.099609375 0.037109375
0 0.5869140625 0.1064453125 0.1337890625 0.0400390625
0 0.33984375 0.15625 0.2470703125 0.06640625
0 0.75 0.068359375 0.1796875 0.0703125
0 0.568359375 0.34375 0.13671875 0.0537109375
0 0.6884765625 0.28125 0.0634765625 0.037109375
0 0.0419921875 0.7099609375 0.0830078125 0.1064453125