0 0.36328125 0.7841796875 0.259765625 0.232421875
0 0.4404296875 0.4853515625 0.197265625 0.134765625
0 0.3876953125 0.3701171875 0.15625 0.095703125
0 0.3955078125 0.298828125 0.107421875 0.0625
0 0.4912109375 0.3662109375 0.13671875 0.0859375
0 0.619140625 0.4521484375 0.107421875 0.06640625
0 0.630859375 0.4140625 0.087890625 0.0546875
0 0.5732421875 0.3447265625 0.056640625 0.03515625
0 0.4638671875 0.28515625 0.078125 0.04296875
0 0.5029296875 0.2705078125 0.083984375 0.044921875
0 0.8203125 0.8427734375 0.119140625 0.111328125
0 0.4599609375 0.220703125 0.05859375 0.03515625
0 0.6806640625 0.38671875 0.083984375 0.05078125