0 0.6611328125 0.509765625 0.123046875 0.11328125
0 0.619140625 0.4169921875 0.08984375 0.080078125
0 0.5205078125 0.4853515625 0.078125 0.06640625
0 0.4228515625 0.5302734375 0.080078125 0.06640625
0 0.3896484375 0.40234375 0.080078125 0.076171875
0 0.265625 0.4365234375 0.078125 0.083984375
0 0.5537109375 0.6640625 0.18359375 0.173828125
0 0.5556640625 0.83984375 0.1328125 0.158203125
0 0.0595703125 0.216796875 0.119140625 0.12890625
0 0.4287109375 0.203125 0.119140625 0.078125
0 0.603515625 0.2587890625 0.076171875 0.056640625
0 0.666015625 0.1708984375 0.07421875 0.06640625
0 0.7314453125 0.2119140625 0.06640625 0.064453125
0 0.818359375 0.2294921875 0.109375 0.08203125
0 0.736328125 0.3310546875 0.109375 0.09765625
0 0.6171875 0.3037109375 0.0625 0.052734375
0 0.2021484375 0.302734375 0.06640625 0.0546875