0 0.337890625 0.80078125 0.2734375 0.220703125
0 0.34765625 0.48046875 0.212890625 0.103515625
0 0.2548828125 0.37109375 0.18359375 0.0625
0 0.2470703125 0.294921875 0.125 0.048828125
0 0.326171875 0.2705078125 0.109375 0.041015625
0 0.3740234375 0.2470703125 0.09765625 0.033203125
0 0.310546875 0.203125 0.06640625 0.03125
0 0.5673828125 0.4150390625 0.126953125 0.0546875
0 0.56640625 0.3701171875 0.08984375 0.046875
0 0.4755859375 0.3134765625 0.076171875 0.03515625
0 0.625 0.3359375 0.091796875 0.0390625
0 0.673828125 0.3798828125 0.064453125 0.03515625
0 0.90625 0.7822265625 0.12890625 0.107421875